{
 "cells": [
  {
   "cell_type": "code",
   "execution_count": 2,
   "metadata": {},
   "outputs": [],
   "source": [
    "# imports\n",
    "import pandas as pd\n",
    "import datetime"
   ]
  },
  {
   "cell_type": "code",
   "execution_count": 3,
   "metadata": {},
   "outputs": [
    {
     "data": {
      "text/html": [
       "<div>\n",
       "<style scoped>\n",
       "    .dataframe tbody tr th:only-of-type {\n",
       "        vertical-align: middle;\n",
       "    }\n",
       "\n",
       "    .dataframe tbody tr th {\n",
       "        vertical-align: top;\n",
       "    }\n",
       "\n",
       "    .dataframe thead th {\n",
       "        text-align: right;\n",
       "    }\n",
       "</style>\n",
       "<table border=\"1\" class=\"dataframe\">\n",
       "  <thead>\n",
       "    <tr style=\"text-align: right;\">\n",
       "      <th></th>\n",
       "      <th>STREET</th>\n",
       "      <th>ADDRESS</th>\n",
       "      <th>CAMERA ID</th>\n",
       "      <th>VIOLATION DATE</th>\n",
       "      <th>VIOLATIONS</th>\n",
       "      <th>X COORDINATE</th>\n",
       "      <th>Y COORDINATE</th>\n",
       "      <th>LATITUDE</th>\n",
       "      <th>LONGITUDE</th>\n",
       "      <th>LOCATION</th>\n",
       "    </tr>\n",
       "  </thead>\n",
       "  <tbody>\n",
       "    <tr>\n",
       "      <th>0</th>\n",
       "      <td>N HUMBOLDT</td>\n",
       "      <td>1111 N HUMBOLDT</td>\n",
       "      <td>CHI010</td>\n",
       "      <td>4/10/2015</td>\n",
       "      <td>67</td>\n",
       "      <td>NaN</td>\n",
       "      <td>NaN</td>\n",
       "      <td>NaN</td>\n",
       "      <td>NaN</td>\n",
       "      <td>NaN</td>\n",
       "    </tr>\n",
       "    <tr>\n",
       "      <th>1</th>\n",
       "      <td>N HUMBOLDT</td>\n",
       "      <td>1111 N HUMBOLDT</td>\n",
       "      <td>CHI010</td>\n",
       "      <td>4/25/2015</td>\n",
       "      <td>71</td>\n",
       "      <td>NaN</td>\n",
       "      <td>NaN</td>\n",
       "      <td>NaN</td>\n",
       "      <td>NaN</td>\n",
       "      <td>NaN</td>\n",
       "    </tr>\n",
       "    <tr>\n",
       "      <th>2</th>\n",
       "      <td>N HUMBOLDT</td>\n",
       "      <td>1111 N HUMBOLDT</td>\n",
       "      <td>CHI010</td>\n",
       "      <td>4/14/2015</td>\n",
       "      <td>38</td>\n",
       "      <td>NaN</td>\n",
       "      <td>NaN</td>\n",
       "      <td>NaN</td>\n",
       "      <td>NaN</td>\n",
       "      <td>NaN</td>\n",
       "    </tr>\n",
       "    <tr>\n",
       "      <th>3</th>\n",
       "      <td>N HUMBOLDT</td>\n",
       "      <td>1111 N HUMBOLDT</td>\n",
       "      <td>CHI010</td>\n",
       "      <td>4/16/2015</td>\n",
       "      <td>55</td>\n",
       "      <td>NaN</td>\n",
       "      <td>NaN</td>\n",
       "      <td>NaN</td>\n",
       "      <td>NaN</td>\n",
       "      <td>NaN</td>\n",
       "    </tr>\n",
       "    <tr>\n",
       "      <th>4</th>\n",
       "      <td>N HUMBOLDT</td>\n",
       "      <td>1111 N HUMBOLDT</td>\n",
       "      <td>CHI010</td>\n",
       "      <td>4/24/2015</td>\n",
       "      <td>54</td>\n",
       "      <td>NaN</td>\n",
       "      <td>NaN</td>\n",
       "      <td>NaN</td>\n",
       "      <td>NaN</td>\n",
       "      <td>NaN</td>\n",
       "    </tr>\n",
       "    <tr>\n",
       "      <th>...</th>\n",
       "      <td>...</td>\n",
       "      <td>...</td>\n",
       "      <td>...</td>\n",
       "      <td>...</td>\n",
       "      <td>...</td>\n",
       "      <td>...</td>\n",
       "      <td>...</td>\n",
       "      <td>...</td>\n",
       "      <td>...</td>\n",
       "      <td>...</td>\n",
       "    </tr>\n",
       "    <tr>\n",
       "      <th>308277</th>\n",
       "      <td>W FOREST PRESERVE AV</td>\n",
       "      <td>8020 W FOREST PRESERVE AV</td>\n",
       "      <td>CHI174</td>\n",
       "      <td>6/4/2022</td>\n",
       "      <td>212</td>\n",
       "      <td>1121895.053</td>\n",
       "      <td>1922705.872</td>\n",
       "      <td>41.944319</td>\n",
       "      <td>-87.827378</td>\n",
       "      <td>(41.944318833069445, -87.8273782786742)</td>\n",
       "    </tr>\n",
       "    <tr>\n",
       "      <th>308278</th>\n",
       "      <td>N NARRAGANSETT AVE</td>\n",
       "      <td>3116 N NARRAGANSETT AVE</td>\n",
       "      <td>CHI132</td>\n",
       "      <td>6/3/2022</td>\n",
       "      <td>5</td>\n",
       "      <td>1133159.075</td>\n",
       "      <td>1920109.559</td>\n",
       "      <td>41.937004</td>\n",
       "      <td>-87.786037</td>\n",
       "      <td>(41.93700435024341, -87.78603672187927)</td>\n",
       "    </tr>\n",
       "    <tr>\n",
       "      <th>308279</th>\n",
       "      <td>W BELMONT AVE</td>\n",
       "      <td>3810 W BELMONT AVE</td>\n",
       "      <td>CHI089</td>\n",
       "      <td>6/2/2022</td>\n",
       "      <td>11</td>\n",
       "      <td>1150363.864</td>\n",
       "      <td>1921047.101</td>\n",
       "      <td>41.939258</td>\n",
       "      <td>-87.722781</td>\n",
       "      <td>(41.93925823071868, -87.72278142793657)</td>\n",
       "    </tr>\n",
       "    <tr>\n",
       "      <th>308280</th>\n",
       "      <td>N COLUMBUS DR</td>\n",
       "      <td>450 N COLUMBUS DR</td>\n",
       "      <td>CHI125</td>\n",
       "      <td>6/4/2022</td>\n",
       "      <td>15</td>\n",
       "      <td>1178351.216</td>\n",
       "      <td>1903356.802</td>\n",
       "      <td>41.890122</td>\n",
       "      <td>-87.620461</td>\n",
       "      <td>(41.890122352505166, -87.62046139513696)</td>\n",
       "    </tr>\n",
       "    <tr>\n",
       "      <th>308281</th>\n",
       "      <td>W ADDISON ST</td>\n",
       "      <td>8006 W ADDISON ST</td>\n",
       "      <td>CHI176</td>\n",
       "      <td>6/4/2022</td>\n",
       "      <td>28</td>\n",
       "      <td>1122009.360</td>\n",
       "      <td>1923001.912</td>\n",
       "      <td>41.945129</td>\n",
       "      <td>-87.826952</td>\n",
       "      <td>(41.945129353961654, -87.8269516993975)</td>\n",
       "    </tr>\n",
       "  </tbody>\n",
       "</table>\n",
       "<p>308282 rows × 10 columns</p>\n",
       "</div>"
      ],
      "text/plain": [
       "                       STREET                    ADDRESS CAMERA ID  \\\n",
       "0                  N HUMBOLDT            1111 N HUMBOLDT    CHI010   \n",
       "1                  N HUMBOLDT            1111 N HUMBOLDT    CHI010   \n",
       "2                  N HUMBOLDT            1111 N HUMBOLDT    CHI010   \n",
       "3                  N HUMBOLDT            1111 N HUMBOLDT    CHI010   \n",
       "4                  N HUMBOLDT            1111 N HUMBOLDT    CHI010   \n",
       "...                       ...                        ...       ...   \n",
       "308277   W FOREST PRESERVE AV  8020 W FOREST PRESERVE AV    CHI174   \n",
       "308278     N NARRAGANSETT AVE    3116 N NARRAGANSETT AVE    CHI132   \n",
       "308279          W BELMONT AVE         3810 W BELMONT AVE    CHI089   \n",
       "308280          N COLUMBUS DR          450 N COLUMBUS DR    CHI125   \n",
       "308281           W ADDISON ST          8006 W ADDISON ST    CHI176   \n",
       "\n",
       "       VIOLATION DATE  VIOLATIONS  X COORDINATE  Y COORDINATE   LATITUDE  \\\n",
       "0           4/10/2015          67           NaN           NaN        NaN   \n",
       "1           4/25/2015          71           NaN           NaN        NaN   \n",
       "2           4/14/2015          38           NaN           NaN        NaN   \n",
       "3           4/16/2015          55           NaN           NaN        NaN   \n",
       "4           4/24/2015          54           NaN           NaN        NaN   \n",
       "...               ...         ...           ...           ...        ...   \n",
       "308277       6/4/2022         212   1121895.053   1922705.872  41.944319   \n",
       "308278       6/3/2022           5   1133159.075   1920109.559  41.937004   \n",
       "308279       6/2/2022          11   1150363.864   1921047.101  41.939258   \n",
       "308280       6/4/2022          15   1178351.216   1903356.802  41.890122   \n",
       "308281       6/4/2022          28   1122009.360   1923001.912  41.945129   \n",
       "\n",
       "        LONGITUDE                                  LOCATION  \n",
       "0             NaN                                       NaN  \n",
       "1             NaN                                       NaN  \n",
       "2             NaN                                       NaN  \n",
       "3             NaN                                       NaN  \n",
       "4             NaN                                       NaN  \n",
       "...           ...                                       ...  \n",
       "308277 -87.827378   (41.944318833069445, -87.8273782786742)  \n",
       "308278 -87.786037   (41.93700435024341, -87.78603672187927)  \n",
       "308279 -87.722781   (41.93925823071868, -87.72278142793657)  \n",
       "308280 -87.620461  (41.890122352505166, -87.62046139513696)  \n",
       "308281 -87.826952   (41.945129353961654, -87.8269516993975)  \n",
       "\n",
       "[308282 rows x 10 columns]"
      ]
     },
     "execution_count": 3,
     "metadata": {},
     "output_type": "execute_result"
    }
   ],
   "source": [
    "# read in csv file to dataframe\n",
    "original_df = pd.read_csv('Speed_Camera_Violations1.csv')\n",
    "original_df"
   ]
  },
  {
   "cell_type": "code",
   "execution_count": 4,
   "metadata": {},
   "outputs": [
    {
     "data": {
      "text/html": [
       "<div>\n",
       "<style scoped>\n",
       "    .dataframe tbody tr th:only-of-type {\n",
       "        vertical-align: middle;\n",
       "    }\n",
       "\n",
       "    .dataframe tbody tr th {\n",
       "        vertical-align: top;\n",
       "    }\n",
       "\n",
       "    .dataframe thead th {\n",
       "        text-align: right;\n",
       "    }\n",
       "</style>\n",
       "<table border=\"1\" class=\"dataframe\">\n",
       "  <thead>\n",
       "    <tr style=\"text-align: right;\">\n",
       "      <th></th>\n",
       "      <th>STREET</th>\n",
       "      <th>ADDRESS</th>\n",
       "      <th>CAMERA ID</th>\n",
       "      <th>VIOLATION DATE</th>\n",
       "      <th>VIOLATIONS</th>\n",
       "      <th>X COORDINATE</th>\n",
       "      <th>Y COORDINATE</th>\n",
       "      <th>LATITUDE</th>\n",
       "      <th>LONGITUDE</th>\n",
       "      <th>LOCATION</th>\n",
       "    </tr>\n",
       "  </thead>\n",
       "  <tbody>\n",
       "    <tr>\n",
       "      <th>366</th>\n",
       "      <td>W AUGUSTA</td>\n",
       "      <td>3100 W AUGUSTA</td>\n",
       "      <td>CHI011</td>\n",
       "      <td>12/1/2020</td>\n",
       "      <td>23</td>\n",
       "      <td>1155438.363</td>\n",
       "      <td>1906531.351</td>\n",
       "      <td>41.899325</td>\n",
       "      <td>-87.704522</td>\n",
       "      <td>(41.89932514072566, -87.70452234551168)</td>\n",
       "    </tr>\n",
       "    <tr>\n",
       "      <th>368</th>\n",
       "      <td>W 71ST</td>\n",
       "      <td>3450 W 71ST</td>\n",
       "      <td>CHI015</td>\n",
       "      <td>12/1/2020</td>\n",
       "      <td>19</td>\n",
       "      <td>1154377.984</td>\n",
       "      <td>1857351.591</td>\n",
       "      <td>41.764391</td>\n",
       "      <td>-87.709728</td>\n",
       "      <td>(41.76439095689881, -87.70972841983624)</td>\n",
       "    </tr>\n",
       "    <tr>\n",
       "      <th>369</th>\n",
       "      <td>W ROOSEVELT</td>\n",
       "      <td>2917 W ROOSEVELT</td>\n",
       "      <td>CHI019</td>\n",
       "      <td>7/28/2020</td>\n",
       "      <td>36</td>\n",
       "      <td>1156991.618</td>\n",
       "      <td>1894531.138</td>\n",
       "      <td>41.866364</td>\n",
       "      <td>-87.699143</td>\n",
       "      <td>(41.866364024167034, -87.69914296647906)</td>\n",
       "    </tr>\n",
       "    <tr>\n",
       "      <th>370</th>\n",
       "      <td>E 95TH ST</td>\n",
       "      <td>3542 E 95TH ST</td>\n",
       "      <td>CHI141</td>\n",
       "      <td>7/28/2020</td>\n",
       "      <td>8</td>\n",
       "      <td>1201629.280</td>\n",
       "      <td>1842674.179</td>\n",
       "      <td>41.723045</td>\n",
       "      <td>-87.537041</td>\n",
       "      <td>(41.72304461975978, -87.5370407583455)</td>\n",
       "    </tr>\n",
       "    <tr>\n",
       "      <th>371</th>\n",
       "      <td>S ASHLAND AVE</td>\n",
       "      <td>8345 S ASHLAND AVE</td>\n",
       "      <td>CHI168</td>\n",
       "      <td>7/27/2019</td>\n",
       "      <td>27</td>\n",
       "      <td>1167170.494</td>\n",
       "      <td>1849194.117</td>\n",
       "      <td>41.741742</td>\n",
       "      <td>-87.663073</td>\n",
       "      <td>(41.741741651401504, -87.66307332925098)</td>\n",
       "    </tr>\n",
       "    <tr>\n",
       "      <th>...</th>\n",
       "      <td>...</td>\n",
       "      <td>...</td>\n",
       "      <td>...</td>\n",
       "      <td>...</td>\n",
       "      <td>...</td>\n",
       "      <td>...</td>\n",
       "      <td>...</td>\n",
       "      <td>...</td>\n",
       "      <td>...</td>\n",
       "      <td>...</td>\n",
       "    </tr>\n",
       "    <tr>\n",
       "      <th>308277</th>\n",
       "      <td>W FOREST PRESERVE AV</td>\n",
       "      <td>8020 W FOREST PRESERVE AV</td>\n",
       "      <td>CHI174</td>\n",
       "      <td>6/4/2022</td>\n",
       "      <td>212</td>\n",
       "      <td>1121895.053</td>\n",
       "      <td>1922705.872</td>\n",
       "      <td>41.944319</td>\n",
       "      <td>-87.827378</td>\n",
       "      <td>(41.944318833069445, -87.8273782786742)</td>\n",
       "    </tr>\n",
       "    <tr>\n",
       "      <th>308278</th>\n",
       "      <td>N NARRAGANSETT AVE</td>\n",
       "      <td>3116 N NARRAGANSETT AVE</td>\n",
       "      <td>CHI132</td>\n",
       "      <td>6/3/2022</td>\n",
       "      <td>5</td>\n",
       "      <td>1133159.075</td>\n",
       "      <td>1920109.559</td>\n",
       "      <td>41.937004</td>\n",
       "      <td>-87.786037</td>\n",
       "      <td>(41.93700435024341, -87.78603672187927)</td>\n",
       "    </tr>\n",
       "    <tr>\n",
       "      <th>308279</th>\n",
       "      <td>W BELMONT AVE</td>\n",
       "      <td>3810 W BELMONT AVE</td>\n",
       "      <td>CHI089</td>\n",
       "      <td>6/2/2022</td>\n",
       "      <td>11</td>\n",
       "      <td>1150363.864</td>\n",
       "      <td>1921047.101</td>\n",
       "      <td>41.939258</td>\n",
       "      <td>-87.722781</td>\n",
       "      <td>(41.93925823071868, -87.72278142793657)</td>\n",
       "    </tr>\n",
       "    <tr>\n",
       "      <th>308280</th>\n",
       "      <td>N COLUMBUS DR</td>\n",
       "      <td>450 N COLUMBUS DR</td>\n",
       "      <td>CHI125</td>\n",
       "      <td>6/4/2022</td>\n",
       "      <td>15</td>\n",
       "      <td>1178351.216</td>\n",
       "      <td>1903356.802</td>\n",
       "      <td>41.890122</td>\n",
       "      <td>-87.620461</td>\n",
       "      <td>(41.890122352505166, -87.62046139513696)</td>\n",
       "    </tr>\n",
       "    <tr>\n",
       "      <th>308281</th>\n",
       "      <td>W ADDISON ST</td>\n",
       "      <td>8006 W ADDISON ST</td>\n",
       "      <td>CHI176</td>\n",
       "      <td>6/4/2022</td>\n",
       "      <td>28</td>\n",
       "      <td>1122009.360</td>\n",
       "      <td>1923001.912</td>\n",
       "      <td>41.945129</td>\n",
       "      <td>-87.826952</td>\n",
       "      <td>(41.945129353961654, -87.8269516993975)</td>\n",
       "    </tr>\n",
       "  </tbody>\n",
       "</table>\n",
       "<p>296535 rows × 10 columns</p>\n",
       "</div>"
      ],
      "text/plain": [
       "                       STREET                    ADDRESS CAMERA ID  \\\n",
       "366                 W AUGUSTA             3100 W AUGUSTA    CHI011   \n",
       "368                    W 71ST                3450 W 71ST    CHI015   \n",
       "369               W ROOSEVELT           2917 W ROOSEVELT    CHI019   \n",
       "370                 E 95TH ST             3542 E 95TH ST    CHI141   \n",
       "371             S ASHLAND AVE         8345 S ASHLAND AVE    CHI168   \n",
       "...                       ...                        ...       ...   \n",
       "308277   W FOREST PRESERVE AV  8020 W FOREST PRESERVE AV    CHI174   \n",
       "308278     N NARRAGANSETT AVE    3116 N NARRAGANSETT AVE    CHI132   \n",
       "308279          W BELMONT AVE         3810 W BELMONT AVE    CHI089   \n",
       "308280          N COLUMBUS DR          450 N COLUMBUS DR    CHI125   \n",
       "308281           W ADDISON ST          8006 W ADDISON ST    CHI176   \n",
       "\n",
       "       VIOLATION DATE  VIOLATIONS  X COORDINATE  Y COORDINATE   LATITUDE  \\\n",
       "366         12/1/2020          23   1155438.363   1906531.351  41.899325   \n",
       "368         12/1/2020          19   1154377.984   1857351.591  41.764391   \n",
       "369         7/28/2020          36   1156991.618   1894531.138  41.866364   \n",
       "370         7/28/2020           8   1201629.280   1842674.179  41.723045   \n",
       "371         7/27/2019          27   1167170.494   1849194.117  41.741742   \n",
       "...               ...         ...           ...           ...        ...   \n",
       "308277       6/4/2022         212   1121895.053   1922705.872  41.944319   \n",
       "308278       6/3/2022           5   1133159.075   1920109.559  41.937004   \n",
       "308279       6/2/2022          11   1150363.864   1921047.101  41.939258   \n",
       "308280       6/4/2022          15   1178351.216   1903356.802  41.890122   \n",
       "308281       6/4/2022          28   1122009.360   1923001.912  41.945129   \n",
       "\n",
       "        LONGITUDE                                  LOCATION  \n",
       "366    -87.704522   (41.89932514072566, -87.70452234551168)  \n",
       "368    -87.709728   (41.76439095689881, -87.70972841983624)  \n",
       "369    -87.699143  (41.866364024167034, -87.69914296647906)  \n",
       "370    -87.537041    (41.72304461975978, -87.5370407583455)  \n",
       "371    -87.663073  (41.741741651401504, -87.66307332925098)  \n",
       "...           ...                                       ...  \n",
       "308277 -87.827378   (41.944318833069445, -87.8273782786742)  \n",
       "308278 -87.786037   (41.93700435024341, -87.78603672187927)  \n",
       "308279 -87.722781   (41.93925823071868, -87.72278142793657)  \n",
       "308280 -87.620461  (41.890122352505166, -87.62046139513696)  \n",
       "308281 -87.826952   (41.945129353961654, -87.8269516993975)  \n",
       "\n",
       "[296535 rows x 10 columns]"
      ]
     },
     "execution_count": 4,
     "metadata": {},
     "output_type": "execute_result"
    }
   ],
   "source": [
    "# drop null values\n",
    "df = original_df.dropna()\n",
    "df"
   ]
  },
  {
   "cell_type": "code",
   "execution_count": 5,
   "metadata": {},
   "outputs": [
    {
     "name": "stderr",
     "output_type": "stream",
     "text": [
      "<ipython-input-5-af2cc618d25e>:2: SettingWithCopyWarning: \n",
      "A value is trying to be set on a copy of a slice from a DataFrame.\n",
      "Try using .loc[row_indexer,col_indexer] = value instead\n",
      "\n",
      "See the caveats in the documentation: https://pandas.pydata.org/pandas-docs/stable/user_guide/indexing.html#returning-a-view-versus-a-copy\n",
      "  df['VIOLATION DATE'] =pd.to_datetime(df['VIOLATION DATE'])\n"
     ]
    },
    {
     "data": {
      "text/html": [
       "<div>\n",
       "<style scoped>\n",
       "    .dataframe tbody tr th:only-of-type {\n",
       "        vertical-align: middle;\n",
       "    }\n",
       "\n",
       "    .dataframe tbody tr th {\n",
       "        vertical-align: top;\n",
       "    }\n",
       "\n",
       "    .dataframe thead th {\n",
       "        text-align: right;\n",
       "    }\n",
       "</style>\n",
       "<table border=\"1\" class=\"dataframe\">\n",
       "  <thead>\n",
       "    <tr style=\"text-align: right;\">\n",
       "      <th></th>\n",
       "      <th>STREET</th>\n",
       "      <th>ADDRESS</th>\n",
       "      <th>CAMERA ID</th>\n",
       "      <th>VIOLATION DATE</th>\n",
       "      <th>VIOLATIONS</th>\n",
       "      <th>X COORDINATE</th>\n",
       "      <th>Y COORDINATE</th>\n",
       "      <th>LATITUDE</th>\n",
       "      <th>LONGITUDE</th>\n",
       "      <th>LOCATION</th>\n",
       "    </tr>\n",
       "  </thead>\n",
       "  <tbody>\n",
       "    <tr>\n",
       "      <th>366</th>\n",
       "      <td>W AUGUSTA</td>\n",
       "      <td>3100 W AUGUSTA</td>\n",
       "      <td>CHI011</td>\n",
       "      <td>2020-12-01</td>\n",
       "      <td>23</td>\n",
       "      <td>1155438.363</td>\n",
       "      <td>1906531.351</td>\n",
       "      <td>41.899325</td>\n",
       "      <td>-87.704522</td>\n",
       "      <td>(41.89932514072566, -87.70452234551168)</td>\n",
       "    </tr>\n",
       "    <tr>\n",
       "      <th>368</th>\n",
       "      <td>W 71ST</td>\n",
       "      <td>3450 W 71ST</td>\n",
       "      <td>CHI015</td>\n",
       "      <td>2020-12-01</td>\n",
       "      <td>19</td>\n",
       "      <td>1154377.984</td>\n",
       "      <td>1857351.591</td>\n",
       "      <td>41.764391</td>\n",
       "      <td>-87.709728</td>\n",
       "      <td>(41.76439095689881, -87.70972841983624)</td>\n",
       "    </tr>\n",
       "    <tr>\n",
       "      <th>369</th>\n",
       "      <td>W ROOSEVELT</td>\n",
       "      <td>2917 W ROOSEVELT</td>\n",
       "      <td>CHI019</td>\n",
       "      <td>2020-07-28</td>\n",
       "      <td>36</td>\n",
       "      <td>1156991.618</td>\n",
       "      <td>1894531.138</td>\n",
       "      <td>41.866364</td>\n",
       "      <td>-87.699143</td>\n",
       "      <td>(41.866364024167034, -87.69914296647906)</td>\n",
       "    </tr>\n",
       "    <tr>\n",
       "      <th>370</th>\n",
       "      <td>E 95TH ST</td>\n",
       "      <td>3542 E 95TH ST</td>\n",
       "      <td>CHI141</td>\n",
       "      <td>2020-07-28</td>\n",
       "      <td>8</td>\n",
       "      <td>1201629.280</td>\n",
       "      <td>1842674.179</td>\n",
       "      <td>41.723045</td>\n",
       "      <td>-87.537041</td>\n",
       "      <td>(41.72304461975978, -87.5370407583455)</td>\n",
       "    </tr>\n",
       "    <tr>\n",
       "      <th>371</th>\n",
       "      <td>S ASHLAND AVE</td>\n",
       "      <td>8345 S ASHLAND AVE</td>\n",
       "      <td>CHI168</td>\n",
       "      <td>2019-07-27</td>\n",
       "      <td>27</td>\n",
       "      <td>1167170.494</td>\n",
       "      <td>1849194.117</td>\n",
       "      <td>41.741742</td>\n",
       "      <td>-87.663073</td>\n",
       "      <td>(41.741741651401504, -87.66307332925098)</td>\n",
       "    </tr>\n",
       "    <tr>\n",
       "      <th>...</th>\n",
       "      <td>...</td>\n",
       "      <td>...</td>\n",
       "      <td>...</td>\n",
       "      <td>...</td>\n",
       "      <td>...</td>\n",
       "      <td>...</td>\n",
       "      <td>...</td>\n",
       "      <td>...</td>\n",
       "      <td>...</td>\n",
       "      <td>...</td>\n",
       "    </tr>\n",
       "    <tr>\n",
       "      <th>308277</th>\n",
       "      <td>W FOREST PRESERVE AV</td>\n",
       "      <td>8020 W FOREST PRESERVE AV</td>\n",
       "      <td>CHI174</td>\n",
       "      <td>2022-06-04</td>\n",
       "      <td>212</td>\n",
       "      <td>1121895.053</td>\n",
       "      <td>1922705.872</td>\n",
       "      <td>41.944319</td>\n",
       "      <td>-87.827378</td>\n",
       "      <td>(41.944318833069445, -87.8273782786742)</td>\n",
       "    </tr>\n",
       "    <tr>\n",
       "      <th>308278</th>\n",
       "      <td>N NARRAGANSETT AVE</td>\n",
       "      <td>3116 N NARRAGANSETT AVE</td>\n",
       "      <td>CHI132</td>\n",
       "      <td>2022-06-03</td>\n",
       "      <td>5</td>\n",
       "      <td>1133159.075</td>\n",
       "      <td>1920109.559</td>\n",
       "      <td>41.937004</td>\n",
       "      <td>-87.786037</td>\n",
       "      <td>(41.93700435024341, -87.78603672187927)</td>\n",
       "    </tr>\n",
       "    <tr>\n",
       "      <th>308279</th>\n",
       "      <td>W BELMONT AVE</td>\n",
       "      <td>3810 W BELMONT AVE</td>\n",
       "      <td>CHI089</td>\n",
       "      <td>2022-06-02</td>\n",
       "      <td>11</td>\n",
       "      <td>1150363.864</td>\n",
       "      <td>1921047.101</td>\n",
       "      <td>41.939258</td>\n",
       "      <td>-87.722781</td>\n",
       "      <td>(41.93925823071868, -87.72278142793657)</td>\n",
       "    </tr>\n",
       "    <tr>\n",
       "      <th>308280</th>\n",
       "      <td>N COLUMBUS DR</td>\n",
       "      <td>450 N COLUMBUS DR</td>\n",
       "      <td>CHI125</td>\n",
       "      <td>2022-06-04</td>\n",
       "      <td>15</td>\n",
       "      <td>1178351.216</td>\n",
       "      <td>1903356.802</td>\n",
       "      <td>41.890122</td>\n",
       "      <td>-87.620461</td>\n",
       "      <td>(41.890122352505166, -87.62046139513696)</td>\n",
       "    </tr>\n",
       "    <tr>\n",
       "      <th>308281</th>\n",
       "      <td>W ADDISON ST</td>\n",
       "      <td>8006 W ADDISON ST</td>\n",
       "      <td>CHI176</td>\n",
       "      <td>2022-06-04</td>\n",
       "      <td>28</td>\n",
       "      <td>1122009.360</td>\n",
       "      <td>1923001.912</td>\n",
       "      <td>41.945129</td>\n",
       "      <td>-87.826952</td>\n",
       "      <td>(41.945129353961654, -87.8269516993975)</td>\n",
       "    </tr>\n",
       "  </tbody>\n",
       "</table>\n",
       "<p>296535 rows × 10 columns</p>\n",
       "</div>"
      ],
      "text/plain": [
       "                       STREET                    ADDRESS CAMERA ID  \\\n",
       "366                 W AUGUSTA             3100 W AUGUSTA    CHI011   \n",
       "368                    W 71ST                3450 W 71ST    CHI015   \n",
       "369               W ROOSEVELT           2917 W ROOSEVELT    CHI019   \n",
       "370                 E 95TH ST             3542 E 95TH ST    CHI141   \n",
       "371             S ASHLAND AVE         8345 S ASHLAND AVE    CHI168   \n",
       "...                       ...                        ...       ...   \n",
       "308277   W FOREST PRESERVE AV  8020 W FOREST PRESERVE AV    CHI174   \n",
       "308278     N NARRAGANSETT AVE    3116 N NARRAGANSETT AVE    CHI132   \n",
       "308279          W BELMONT AVE         3810 W BELMONT AVE    CHI089   \n",
       "308280          N COLUMBUS DR          450 N COLUMBUS DR    CHI125   \n",
       "308281           W ADDISON ST          8006 W ADDISON ST    CHI176   \n",
       "\n",
       "       VIOLATION DATE  VIOLATIONS  X COORDINATE  Y COORDINATE   LATITUDE  \\\n",
       "366        2020-12-01          23   1155438.363   1906531.351  41.899325   \n",
       "368        2020-12-01          19   1154377.984   1857351.591  41.764391   \n",
       "369        2020-07-28          36   1156991.618   1894531.138  41.866364   \n",
       "370        2020-07-28           8   1201629.280   1842674.179  41.723045   \n",
       "371        2019-07-27          27   1167170.494   1849194.117  41.741742   \n",
       "...               ...         ...           ...           ...        ...   \n",
       "308277     2022-06-04         212   1121895.053   1922705.872  41.944319   \n",
       "308278     2022-06-03           5   1133159.075   1920109.559  41.937004   \n",
       "308279     2022-06-02          11   1150363.864   1921047.101  41.939258   \n",
       "308280     2022-06-04          15   1178351.216   1903356.802  41.890122   \n",
       "308281     2022-06-04          28   1122009.360   1923001.912  41.945129   \n",
       "\n",
       "        LONGITUDE                                  LOCATION  \n",
       "366    -87.704522   (41.89932514072566, -87.70452234551168)  \n",
       "368    -87.709728   (41.76439095689881, -87.70972841983624)  \n",
       "369    -87.699143  (41.866364024167034, -87.69914296647906)  \n",
       "370    -87.537041    (41.72304461975978, -87.5370407583455)  \n",
       "371    -87.663073  (41.741741651401504, -87.66307332925098)  \n",
       "...           ...                                       ...  \n",
       "308277 -87.827378   (41.944318833069445, -87.8273782786742)  \n",
       "308278 -87.786037   (41.93700435024341, -87.78603672187927)  \n",
       "308279 -87.722781   (41.93925823071868, -87.72278142793657)  \n",
       "308280 -87.620461  (41.890122352505166, -87.62046139513696)  \n",
       "308281 -87.826952   (41.945129353961654, -87.8269516993975)  \n",
       "\n",
       "[296535 rows x 10 columns]"
      ]
     },
     "execution_count": 5,
     "metadata": {},
     "output_type": "execute_result"
    }
   ],
   "source": [
    "# convert date column to datetime\n",
    "df['VIOLATION DATE'] =pd.to_datetime(df['VIOLATION DATE'])\n",
    "df "
   ]
  },
  {
   "cell_type": "code",
   "execution_count": 6,
   "metadata": {},
   "outputs": [
    {
     "data": {
      "text/plain": [
       "2019    39109\n",
       "2021    38125\n",
       "2018    37799\n",
       "2016    37532\n",
       "2017    36877\n",
       "2015    36392\n",
       "2020    28290\n",
       "2022    26093\n",
       "2014    16318\n",
       "Name: VIOLATION DATE, dtype: int64"
      ]
     },
     "execution_count": 6,
     "metadata": {},
     "output_type": "execute_result"
    }
   ],
   "source": [
    "# run value_counts() on years\n",
    "df['VIOLATION DATE'].dt.year.value_counts()"
   ]
  },
  {
   "cell_type": "code",
   "execution_count": 7,
   "metadata": {},
   "outputs": [
    {
     "data": {
      "text/html": [
       "<div>\n",
       "<style scoped>\n",
       "    .dataframe tbody tr th:only-of-type {\n",
       "        vertical-align: middle;\n",
       "    }\n",
       "\n",
       "    .dataframe tbody tr th {\n",
       "        vertical-align: top;\n",
       "    }\n",
       "\n",
       "    .dataframe thead th {\n",
       "        text-align: right;\n",
       "    }\n",
       "</style>\n",
       "<table border=\"1\" class=\"dataframe\">\n",
       "  <thead>\n",
       "    <tr style=\"text-align: right;\">\n",
       "      <th></th>\n",
       "      <th>STREET</th>\n",
       "      <th>ADDRESS</th>\n",
       "      <th>CAMERA ID</th>\n",
       "      <th>VIOLATION DATE</th>\n",
       "      <th>VIOLATIONS</th>\n",
       "      <th>X COORDINATE</th>\n",
       "      <th>Y COORDINATE</th>\n",
       "      <th>LATITUDE</th>\n",
       "      <th>LONGITUDE</th>\n",
       "      <th>LOCATION</th>\n",
       "    </tr>\n",
       "  </thead>\n",
       "  <tbody>\n",
       "    <tr>\n",
       "      <th>366</th>\n",
       "      <td>W AUGUSTA</td>\n",
       "      <td>3100 W AUGUSTA</td>\n",
       "      <td>CHI011</td>\n",
       "      <td>2020-12-01</td>\n",
       "      <td>23</td>\n",
       "      <td>1155438.363</td>\n",
       "      <td>1906531.351</td>\n",
       "      <td>41.899325</td>\n",
       "      <td>-87.704522</td>\n",
       "      <td>(41.89932514072566, -87.70452234551168)</td>\n",
       "    </tr>\n",
       "    <tr>\n",
       "      <th>368</th>\n",
       "      <td>W 71ST</td>\n",
       "      <td>3450 W 71ST</td>\n",
       "      <td>CHI015</td>\n",
       "      <td>2020-12-01</td>\n",
       "      <td>19</td>\n",
       "      <td>1154377.984</td>\n",
       "      <td>1857351.591</td>\n",
       "      <td>41.764391</td>\n",
       "      <td>-87.709728</td>\n",
       "      <td>(41.76439095689881, -87.70972841983624)</td>\n",
       "    </tr>\n",
       "    <tr>\n",
       "      <th>369</th>\n",
       "      <td>W ROOSEVELT</td>\n",
       "      <td>2917 W ROOSEVELT</td>\n",
       "      <td>CHI019</td>\n",
       "      <td>2020-07-28</td>\n",
       "      <td>36</td>\n",
       "      <td>1156991.618</td>\n",
       "      <td>1894531.138</td>\n",
       "      <td>41.866364</td>\n",
       "      <td>-87.699143</td>\n",
       "      <td>(41.866364024167034, -87.69914296647906)</td>\n",
       "    </tr>\n",
       "    <tr>\n",
       "      <th>370</th>\n",
       "      <td>E 95TH ST</td>\n",
       "      <td>3542 E 95TH ST</td>\n",
       "      <td>CHI141</td>\n",
       "      <td>2020-07-28</td>\n",
       "      <td>8</td>\n",
       "      <td>1201629.280</td>\n",
       "      <td>1842674.179</td>\n",
       "      <td>41.723045</td>\n",
       "      <td>-87.537041</td>\n",
       "      <td>(41.72304461975978, -87.5370407583455)</td>\n",
       "    </tr>\n",
       "    <tr>\n",
       "      <th>371</th>\n",
       "      <td>S ASHLAND AVE</td>\n",
       "      <td>8345 S ASHLAND AVE</td>\n",
       "      <td>CHI168</td>\n",
       "      <td>2019-07-27</td>\n",
       "      <td>27</td>\n",
       "      <td>1167170.494</td>\n",
       "      <td>1849194.117</td>\n",
       "      <td>41.741742</td>\n",
       "      <td>-87.663073</td>\n",
       "      <td>(41.741741651401504, -87.66307332925098)</td>\n",
       "    </tr>\n",
       "    <tr>\n",
       "      <th>...</th>\n",
       "      <td>...</td>\n",
       "      <td>...</td>\n",
       "      <td>...</td>\n",
       "      <td>...</td>\n",
       "      <td>...</td>\n",
       "      <td>...</td>\n",
       "      <td>...</td>\n",
       "      <td>...</td>\n",
       "      <td>...</td>\n",
       "      <td>...</td>\n",
       "    </tr>\n",
       "    <tr>\n",
       "      <th>308277</th>\n",
       "      <td>W FOREST PRESERVE AV</td>\n",
       "      <td>8020 W FOREST PRESERVE AV</td>\n",
       "      <td>CHI174</td>\n",
       "      <td>2022-06-04</td>\n",
       "      <td>212</td>\n",
       "      <td>1121895.053</td>\n",
       "      <td>1922705.872</td>\n",
       "      <td>41.944319</td>\n",
       "      <td>-87.827378</td>\n",
       "      <td>(41.944318833069445, -87.8273782786742)</td>\n",
       "    </tr>\n",
       "    <tr>\n",
       "      <th>308278</th>\n",
       "      <td>N NARRAGANSETT AVE</td>\n",
       "      <td>3116 N NARRAGANSETT AVE</td>\n",
       "      <td>CHI132</td>\n",
       "      <td>2022-06-03</td>\n",
       "      <td>5</td>\n",
       "      <td>1133159.075</td>\n",
       "      <td>1920109.559</td>\n",
       "      <td>41.937004</td>\n",
       "      <td>-87.786037</td>\n",
       "      <td>(41.93700435024341, -87.78603672187927)</td>\n",
       "    </tr>\n",
       "    <tr>\n",
       "      <th>308279</th>\n",
       "      <td>W BELMONT AVE</td>\n",
       "      <td>3810 W BELMONT AVE</td>\n",
       "      <td>CHI089</td>\n",
       "      <td>2022-06-02</td>\n",
       "      <td>11</td>\n",
       "      <td>1150363.864</td>\n",
       "      <td>1921047.101</td>\n",
       "      <td>41.939258</td>\n",
       "      <td>-87.722781</td>\n",
       "      <td>(41.93925823071868, -87.72278142793657)</td>\n",
       "    </tr>\n",
       "    <tr>\n",
       "      <th>308280</th>\n",
       "      <td>N COLUMBUS DR</td>\n",
       "      <td>450 N COLUMBUS DR</td>\n",
       "      <td>CHI125</td>\n",
       "      <td>2022-06-04</td>\n",
       "      <td>15</td>\n",
       "      <td>1178351.216</td>\n",
       "      <td>1903356.802</td>\n",
       "      <td>41.890122</td>\n",
       "      <td>-87.620461</td>\n",
       "      <td>(41.890122352505166, -87.62046139513696)</td>\n",
       "    </tr>\n",
       "    <tr>\n",
       "      <th>308281</th>\n",
       "      <td>W ADDISON ST</td>\n",
       "      <td>8006 W ADDISON ST</td>\n",
       "      <td>CHI176</td>\n",
       "      <td>2022-06-04</td>\n",
       "      <td>28</td>\n",
       "      <td>1122009.360</td>\n",
       "      <td>1923001.912</td>\n",
       "      <td>41.945129</td>\n",
       "      <td>-87.826952</td>\n",
       "      <td>(41.945129353961654, -87.8269516993975)</td>\n",
       "    </tr>\n",
       "  </tbody>\n",
       "</table>\n",
       "<p>280217 rows × 10 columns</p>\n",
       "</div>"
      ],
      "text/plain": [
       "                       STREET                    ADDRESS CAMERA ID  \\\n",
       "366                 W AUGUSTA             3100 W AUGUSTA    CHI011   \n",
       "368                    W 71ST                3450 W 71ST    CHI015   \n",
       "369               W ROOSEVELT           2917 W ROOSEVELT    CHI019   \n",
       "370                 E 95TH ST             3542 E 95TH ST    CHI141   \n",
       "371             S ASHLAND AVE         8345 S ASHLAND AVE    CHI168   \n",
       "...                       ...                        ...       ...   \n",
       "308277   W FOREST PRESERVE AV  8020 W FOREST PRESERVE AV    CHI174   \n",
       "308278     N NARRAGANSETT AVE    3116 N NARRAGANSETT AVE    CHI132   \n",
       "308279          W BELMONT AVE         3810 W BELMONT AVE    CHI089   \n",
       "308280          N COLUMBUS DR          450 N COLUMBUS DR    CHI125   \n",
       "308281           W ADDISON ST          8006 W ADDISON ST    CHI176   \n",
       "\n",
       "       VIOLATION DATE  VIOLATIONS  X COORDINATE  Y COORDINATE   LATITUDE  \\\n",
       "366        2020-12-01          23   1155438.363   1906531.351  41.899325   \n",
       "368        2020-12-01          19   1154377.984   1857351.591  41.764391   \n",
       "369        2020-07-28          36   1156991.618   1894531.138  41.866364   \n",
       "370        2020-07-28           8   1201629.280   1842674.179  41.723045   \n",
       "371        2019-07-27          27   1167170.494   1849194.117  41.741742   \n",
       "...               ...         ...           ...           ...        ...   \n",
       "308277     2022-06-04         212   1121895.053   1922705.872  41.944319   \n",
       "308278     2022-06-03           5   1133159.075   1920109.559  41.937004   \n",
       "308279     2022-06-02          11   1150363.864   1921047.101  41.939258   \n",
       "308280     2022-06-04          15   1178351.216   1903356.802  41.890122   \n",
       "308281     2022-06-04          28   1122009.360   1923001.912  41.945129   \n",
       "\n",
       "        LONGITUDE                                  LOCATION  \n",
       "366    -87.704522   (41.89932514072566, -87.70452234551168)  \n",
       "368    -87.709728   (41.76439095689881, -87.70972841983624)  \n",
       "369    -87.699143  (41.866364024167034, -87.69914296647906)  \n",
       "370    -87.537041    (41.72304461975978, -87.5370407583455)  \n",
       "371    -87.663073  (41.741741651401504, -87.66307332925098)  \n",
       "...           ...                                       ...  \n",
       "308277 -87.827378   (41.944318833069445, -87.8273782786742)  \n",
       "308278 -87.786037   (41.93700435024341, -87.78603672187927)  \n",
       "308279 -87.722781   (41.93925823071868, -87.72278142793657)  \n",
       "308280 -87.620461  (41.890122352505166, -87.62046139513696)  \n",
       "308281 -87.826952   (41.945129353961654, -87.8269516993975)  \n",
       "\n",
       "[280217 rows x 10 columns]"
      ]
     },
     "execution_count": 7,
     "metadata": {},
     "output_type": "execute_result"
    }
   ],
   "source": [
    "# remove data from 2014\n",
    "filtered_df = df.loc[df['VIOLATION DATE'] > '2014-12-31']\n",
    "filtered_df"
   ]
  },
  {
   "cell_type": "code",
   "execution_count": 8,
